78,4
78,3
78,2
78,1
78,0
77,6
77,5
77,3
77,2
77,1
77,0
74,9
74,8
74,7
74,6
74,5
74,4
74,3
74,2
74,1
74,0
73,5
73,4
73,3
73,2
73,1
73,0
71,9
71,8
71,7
71,6
71,4
71,3
71,2
71,1
71,0
69,7
69,6
69,5
69,3
69,2
69,1
69,0
66,6
66,5
66,3
66,2
66,1
66,0
63,6
63,5
63,3
63,2
63,1
63,0
60,4
60,3
60,2
60,1
60,0
58,6
58,5
58,4
58,3
58,2
58,1
58,0
55,5
55,4
55,3
55,2
55,1
55,0
52,4
52,3
52,2
52,1
52,0
50,13
50,10
50,9
50,8
50,7
50,6
50,5
50,4
50,3
50,2
50,1
50,0
49,6
49,5
49,3
49,2
49,1
49,0
46,4
46,3
46,2
46,1
46,0
45,4
45,3
45,2
45,1
45,0
42,4
42,3
42,2
42,1
42,0
40,4
40,3
40,2
40,1
40,0
38,4
38,3
38,2
38,1
38,0
37,4
37,3
37,2
37,1
37,0
36,5
36,4
36,3
36,2
36,1
36,0
34,4
34,3
34,2
34,1
34,0
33,4
33,3
33,2
33,1
33,0
26,6
26,5
26,3
26,2
26,1
26,0
23,7
23,6
23,5
23,4
23,3
23,2
23,1
23,0
20,6
20,4
20,3
20,2
20,1
20,0
15,5
15,4
15,3
15,2
15,1
15,0
13,4
13,3
13,2
13,1
13,0
12,3
12,2
12,1
12,0
11,4
11,3
11,2
11,1
11,0
10,4
10,3
10,2
10,1
10,0
9,7
9,6
9,5
9,4
9,3
9,2
9,1
9,0
8,5
8,4
8,3
8,2
8,1
8,0
7,3
7,2
7,1
7,0
5,3
5,2
5,1
5,0
4,2
4,1
4,0
3,6
3,5
3,4
3,3
3,2
3,1
3,0
4,3
2,12
2,9
2,8
2,7
2,6
2,3
2,2
2,1
2,0
1,3
1,2
1,1
1,0
0,501
0,243
0,9
0,1
78,5
78,6
79,0
79,1
79,3
79,4
79,6
79,10
79,11
80,1
80,2
84,0
84,2
84,3
84,6
84,7
84,5
84,1
80,3
80,0
79,7
79,5
79,2
78,8
0,300
0,299
0,298
0,297
0,296
0,295
0,294
0,293
0,292
0,291
0,290
0,289
0,288
0,287
0,286
0,285
0,284
0,283
0,282
0,281
0,280
0,279
0,278
0,277
0,276
0,275
0,274
0,273
0,272
0,271
0,270
0,269
0,268
0,267
0,266
0,265
0,264
0,263
0,262
0,261
0,260
0,259
0,258
0,257
0,256
0,255
0,254
0,253
0,252
0,251
0,250
0,249
0,248
0,247
0,246
0,245
0,244
0,242
0,241
0,240
0,239
0,238
0,237
0,236
0,235
0,234
0,233
0,232
0,231
0,230
0,229
0,228
0,227
0,226
0,225
0,224
0,223
0,222
0,221
0,220
0,219
0,218
0,217
0,216
0,215
0,214
0,213
0,212
0,211
0,210
0,209
0,208
0,207
0,206
0,205
0,204
0,203
0,202
0,201
0,200
0,199
0,198
0,197
0,196
0,195
0,194
0,193
0,192
0,63
0,62
0,61
0,60
0,59
0,58
0,57
0,56
0,55
0,54
0,53
0,52
0,51
0,50
0,49
0,48
0,47
0,46
0,45
0,6
0,0
0,5
0,304
0,303
0,306
0,305
0,302
0,12
0,449
0,10
0,8
0,11
0,2
0,4
0,3
0,7
